51 110 1 1
51 110 0.0974459 0.000275222
51 78 1 1
51 78 0.880188 0.000110699
51 78 0.756867 0.000446624
51 78 0.633657 0.0010374
51 78 0.512148 0.00194526
51 78 0.391298 0.00319486
51 78 0.279293 0.00485674
51 78 0.177374 0.00696793
51 78 0.0888817 0.00969501
51 78 0.0193051 0.0129209
51 97 1 1
51 97 0.929458 8.94522e-05
51 97 0.853883 0.000322157
51 97 0.77506 0.000703503
51 97 0.693836 0.00126763
51 97 0.610884 0.00206592
51 97 0.526905 0.00317053
51 97 0.442716 0.00468219
51 97 0.359256 0.00674092
51 97 0.275874 0.00949721
51 97 0.196818 0.0131755
51 97 0.124477 0.0181002
51 97 0.0626839 0.0245847
51 97 0.0176974 0.0326488
51 68 1 1
51 68 0.876488 0.000132142
51 68 0.749777 0.000486649
51 68 0.622943 0.00108936
51 68 0.498271 0.00199827
51 68 0.377782 0.00322271
51 68 0.264329 0.00486111
51 68 0.162447 0.00708457
51 68 0.0752335 0.00997757
51 68 0.0141195 0.0131793
51 209 1 1
51 209 0.872509 0.000125423
51 209 0.741724 0.000477155
51 209 0.611359 0.00109063
51 209 0.484351 0.00203081
51 209 0.363557 0.00337368
51 209 0.251547 0.0051594
51 209 0.152309 0.00758572
51 209 0.0697454 0.0108624
51 209 0.0127949 0.01498
51 197 1 1
51 197 0.870111 9.48938e-05
51 197 0.736198 0.000362483
51 197 0.602328 0.000822256
51 197 0.471419 0.00152519
51 197 0.346182 0.00250154
51 197 0.230144 0.00378657
51 197 0.12912 0.00556582
51 197 0.0486654 0.00789503
51 197 0.00330784 0.0104541
51 52 1 1
51 52 0.536315 0.000184631
51 52 0.187444 0.000663753
51 52 0.00892327 0.00142109
51 60 1 1
51 60 0.917504 0.000107352
51 60 0.829447 0.000356176
51 60 0.738047 0.000738282
51 60 0.644568 0.0012783
51 60 0.550256 0.00201381
51 60 0.456549 0.00299306
51 60 0.364841 0.00416755
51 60 0.276317 0.00562245
51 60 0.19363 0.00750761
51 60 0.119196 0.00994278
51 60 0.0547924 0.0130822
51 60 0.008398 0.0169679
51 131 1 1
51 131 0.908262 0.000109451
51 131 0.81054 0.000363425
51 131 0.709577 0.000752036
51 131 0.606938 0.00129914
51 131 0.504194 0.00204218
51 131 0.40325 0.00302916
51 131 0.306386 0.0043088
51 131 0.21604 0.00586186
51 131 0.136006 0.00773595
51 131 0.0695037 0.0101544
51 131 0.019683 0.01324
51 84 1 1
51 84 0.850897 0.000148077
51 84 0.69898 0.000509874
51 84 0.549788 0.00111733
51 84 0.407587 0.00203383
51 84 0.276898 0.0032977
51 84 0.162671 0.00493778
51 84 0.068381 0.0071566
51 84 0.00756081 0.00991432
51 213 1 1
51 213 0.694257 0.000205149
51 213 0.418739 0.000749283
51 213 0.192453 0.00156499
51 213 0.0375941 0.00274381
51 67 1 1
51 67 0.88411 0.000126563
51 67 0.764176 0.000464043
51 67 0.643435 0.00105311
51 67 0.524217 0.0019676
51 67 0.408846 0.00329729
51 67 0.299885 0.00513001
51 67 0.20034 0.0075942
51 67 0.113905 0.0108591
51 67 0.0446906 0.0151169
51 67 0.00168318 0.0200115
51 164 1 1
51 164 0.802903 0.000151205
51 164 0.609703 0.000555594
51 164 0.424717 0.00123344
51 164 0.258971 0.00217414
51 164 0.124356 0.00343849
51 164 0.0320926 0.00510463
51 184 1 1
51 184 0.832119 0.000118291
51 184 0.663181 0.000444997
51 184 0.499713 0.00101269
51 184 0.347124 0.00188517
51 184 0.211508 0.003139
51 184 0.100431 0.00486231
51 184 0.0238261 0.00715319
60 110 1 1
60 110 0.794264 0.000197712
60 110 0.592936 0.000764565
60 110 0.403789 0.00175125
60 110 0.233943 0.00323281
60 110 0.092942 0.00509563
60 110 0.0105328 0.00711219
60 157 1 1
60 157 0.916579 0.000139972
60 157 0.827774 0.000432427
60 157 0.735426 0.000836043
60 157 0.640666 0.00147763
60 157 0.544569 0.00242351
60 157 0.448399 0.00375188
60 157 0.35374 0.00559685
60 157 0.262539 0.00812346
60 157 0.177387 0.0115299
60 157 0.101782 0.0160478
60 157 0.0402103 0.0218917
60 157 0.000702724 0.0291614
60 78 1 1
60 78 0.716792 0.000201751
60 78 0.457331 0.000780583
60 78 0.237594 0.00171593
60 78 0.0764435 0.00301839
60 78 0.00121179 0.00442478
60 189 1 1
60 189 0.897151 0.000107868
60 189 0.789482 0.000411515
60 189 0.679245 0.000955092
60 189 0.567973 0.00181698
60 189 0.457349 0.00310342
60 189 0.349466 0.00494788
60 189 0.247013 0.00751856
60 189 0.153681 0.0110242
60 189 0.074659 0.0157653
60 189 0.0170055 0.022098
60 197 1 1
60 197 0.864791 0.000119568
60 197 0.725034 0.000440034
60 197 0.585362 0.000981764
60 197 0.449022 0.00179635
60 197 0.31956 0.00294823
60 197 0.20137 0.00451488
60 197 0.100102 0.00658394
60 197 0.0230362 0.00924639
60 76 1 1
60 76 0.888485 0.000164187
60 76 0.772174 0.000550189
60 76 0.654474 0.00118188
60 76 0.537634 0.00211757
60 76 0.423619 0.0034287
60 76 0.31479 0.00517548
60 76 0.213725 0.00743507
60 76 0.123923 0.0102541
60 76 0.0501105 0.0137438
60 76 0.0024905 0.0178637
60 131 1 1
60 131 0.942732 0.000108688
60 131 0.880224 0.000370511
60 131 0.814162 0.000769161
60 131 0.745231 0.00132186
60 131 0.673908 0.00205494
60 131 0.600698 0.00300417
60 131 0.526207 0.00421581
60 131 0.451181 0.00574939
60 131 0.3765 0.00767911
60 131 0.303176 0.0101107
60 131 0.232292 0.0131722
60 131 0.163952 0.0170083
60 131 0.10065 0.0215698
60 131 0.0473139 0.026817
60 131 0.00941398 0.032793
60 184 1 1
60 184 0.831125 0.000137962
60 184 0.660654 0.000522144
60 184 0.495159 0.00117767
60 184 0.339833 0.00212226
60 184 0.200577 0.00339778
60 184 0.0839873 0.00516918
60 184 0.00570757 0.00735645
60 168 1 1
60 168 0.527404 0.000298422
60 168 0.15899 0.000964481
60 164 1 1
60 164 0.920455 0.000101176
60 164 0.836057 0.000381051
60 164 0.748597 0.000855162
60 164 0.658957 0.00157219
60 164 0.567954 0.00259902
60 164 0.476502 0.00402337
60 164 0.385733 0.00593048
60 164 0.297277 0.00843414
60 164 0.213208 0.0116674
60 164 0.136305 0.0156497
60 164 0.0704907 0.020479
60 164 0.0210182 0.0262756
84 117 1 1
84 117 0.863359 0.000116536
84 117 0.723194 0.000455514
84 117 0.583912 0.00105515
84 117 0.448662 0.0019628
84 117 0.321203 0.00314397
84 117 0.206233 0.00460669
84 117 0.108706 0.00659768
84 117 0.034989 0.00928576
84 182 1 1
84 182 0.915615 0.000104733
84 182 0.826583 0.000378372
84 182 0.734926 0.000835236
84 182 0.641871 0.0015188
84 182 0.548577 0.00248966
84 182 0.456275 0.00382838
84 182 0.366289 0.00564204
84 182 0.277604 0.00805597
84 182 0.192568 0.0110625
84 182 0.117006 0.0150342
84 182 0.0539802 0.0202354
84 182 0.00825055 0.0264646
84 99 1 1
84 99 0.846892 0.000179454
84 99 0.692707 0.00065212
84 99 0.542538 0.00143676
84 99 0.400431 0.00258824
84 99 0.27042 0.00417723
84 99 0.156367 0.0062938
84 99 0.0613581 0.00900916
84 99 0.00488634 0.0119966
84 92 1 1
84 92 0.918486 0.000101855
84 92 0.832012 0.000405098
84 92 0.742608 0.000933421
84 92 0.65124 0.00173971
84 92 0.558781 0.00289346
84 92 0.466269 0.00448411
84 92 0.375021 0.00662597
84 92 0.286735 0.00946297
84 92 0.203601 0.0131718
84 92 0.128388 0.0179579
84 92 0.064407 0.0237019
84 92 0.0182715 0.0298982
84 131 1 1
84 131 0.884212 0.000164523
84 131 0.763149 0.000559917
84 131 0.640143 0.00120806
84 131 0.517673 0.0021717
84 131 0.398408 0.00353277
84 131 0.285493 0.00538876
84 131 0.182218 0.00774991
84 131 0.0936937 0.0107699
84 131 0.0260955 0.0146954
84 184 1 1
84 184 0.875597 0.000112792
84 184 0.746829 0.000440455
84 184 0.617455 0.001011
84 184 0.490184 0.00188664
84 184 0.367886 0.00314904
84 184 0.254023 0.00489985
84 184 0.152932 0.00721526
84 184 0.070644 0.0100196
84 184 0.0155191 0.0134188
61 112 1 1
61 112 0.869251 0.00017052
61 112 0.735157 0.000605238
61 112 0.601598 0.00132738
61 112 0.471491 0.00239946
61 112 0.347717 0.00388517
61 112 0.233628 0.00577178
61 112 0.132973 0.00816621
61 112 0.0496191 0.011118
61 112 0.544685 0.0144149
61 92 1 1
61 92 0.901924 0.000171895
